OS: Windows-10-10.0.22621-SP0 10.0.22621
Python: 3.7.16
Stable-Baselines3: 1.6.1
PyTorch: 1.13.1+cu117
GPU Enabled: True
Numpy: 1.21.5
Gym: 0.21.0
